500 0 21.9
500 1 7.4
500 2 11.8
600 0 27.2
600 1 10.9
600 2 17.3
700 0 36.2
700 1 14.2
700 2 17.4
800 0 40.5
800 1 13.8
800 2 21.7
900 0 46.8
900 1 15.1
900 2 24
1000 0 55.8
1000 1 17.1
1000 2 27
1100 0 63.9
1100 1 20.2
1100 2 30.2
1200 0 70.3
1200 1 23.6
1200 2 36
1300 0 76.8
1300 1 25.7
1300 2 37
1400 0 84.4
1400 1 27.5
1400 2 41.4
1500 0 91.7
1500 1 29.1
1500 2 42.3
1600 0 99.1
1600 1 32.1
1600 2 45.9
1700 0 107.2
1700 1 33.6
1700 2 49.2
1800 0 124.4
1800 1 34.1
1800 2 52.8
1900 0 121.7
1900 1 36.1
1900 2 55.3
2000 0 134.7
2000 1 38.6
2000 2 57.8
2100 0 137.2
2100 1 41.3
2100 2 60.5
2200 0 147.5
2200 1 45.2
2200 2 63.8
2300 0 151.6
2300 1 50.4
2300 2 69.7
2400 0 168
2400 1 53.1
2400 2 74
2500 0 171.4
2500 1 54.1
2500 2 78
2600 0 177.3
2600 1 57.3
2600 2 82.3
2700 0 186.4
2700 1 58.5
2700 2 91.9
2800 0 188.6
2800 1 61.4
2800 2 89.5
2900 0 206
2900 1 63.5
2900 2 91.8
3000 0 212.9
3000 1 64.4
3000 2 99
3100 0 222.3
3100 1 66.2
3100 2 101.5
3200 0 233.8
3200 1 67.6
3200 2 104.1
3300 0 230.5
3300 1 70.4
3300 2 104.9
3400 0 240.5
3400 1 72.1
3400 2 109.4
3500 0 246.1
3500 1 74.7
3500 2 111.8
3600 0 256
3600 1 76.9
3600 2 118.2
3700 0 268.7
3700 1 77.3
3700 2 119.7
3800 0 281.7
3800 1 79.8
3800 2 124.3
3900 0 290.1
3900 1 82.3
3900 2 130
4000 0 294
4000 1 85.5
4000 2 128.9
4100 0 297.1
4100 1 87.5
4100 2 134.4
4200 0 315.5
4200 1 91.1
4200 2 139.1
4300 0 310.4
4300 1 96.4
4300 2 154.6
4400 0 322.9
4400 1 100.1
4400 2 148.1
4500 0 339.5
4500 1 104.9
4500 2 155.7
4600 0 347.4
4600 1 112.2
4600 2 156
4700 0 343.8
4700 1 112.1
4700 2 165.7
4800 0 364.4
4800 1 114.1
4800 2 163.4
4900 0 366.8
4900 1 116.9
4900 2 178.8
5000 0 383.3
5000 1 118.5
5000 2 189.2
5100 0 396.5
5100 1 121.7
5100 2 195.8
5200 0 401.1
5200 1 124.1
5200 2 194.1
5300 0 404.1
5300 1 127.9
5300 2 194.7
5400 0 413.3
5400 1 127.9
5400 2 202.1
5500 0 425.6
5500 1 130.6
5500 2 199.3
5600 0 429.6
5600 1 131.8
5600 2 200.7
5700 0 434.8
5700 1 136.1
5700 2 206.8
5800 0 447.4
5800 1 140.4
5800 2 197.7
5900 0 492.2
5900 1 140.5
5900 2 209.5
6000 0 479.7
6000 1 149.8
6000 2 219.8
6100 0 476.2
6100 1 155.6
6100 2 220.8
6200 0 478.5
6200 1 149
6200 2 227.3
6300 0 519.5
6300 1 150.7
6300 2 228.3
6400 0 507.6
6400 1 153
6400 2 232
6500 0 525.5
6500 1 172.8
6500 2 246.1
6600 0 522
6600 1 156.9
6600 2 236.8
6700 0 519.6
6700 1 159.5
6700 2 243.4
6800 0 541.6
6800 1 158.9
6800 2 254.7
6900 0 546.3
6900 1 164.6
6900 2 269.4
7000 0 548.1
7000 1 162.1
7000 2 259.6
7100 0 571.1
7100 1 164.9
7100 2 279.2
7200 0 591.4
7200 1 169.6
7200 2 277.5
7300 0 579
7300 1 169.5
7300 2 281.7
7400 0 582.3
7400 1 174.4
7400 2 279.9
7500 0 587.6
7500 1 175.9
7500 2 285.2
7600 0 636.3
7600 1 177.1
7600 2 288.2
7700 0 603.3
7700 1 178.1
7700 2 292.9
7800 0 623.8
7800 1 181.4
7800 2 296.6
7900 0 626.4
7900 1 186.4
7900 2 312
8000 0 629
8000 1 188.8
8000 2 305.2
8100 0 639.4
8100 1 188.2
8100 2 311.7
8200 0 658.6
8200 1 196.6
8200 2 307.7
8300 0 669.7
8300 1 199.7
8300 2 311
8400 0 675.3
8400 1 203.4
8400 2 323.7
8500 0 671.7
8500 1 203.3
8500 2 360.7
8600 0 705
8600 1 210.4
8600 2 347.6
8700 0 707.3
8700 1 213.5
8700 2 357.6
8800 0 700.4
8800 1 219.1
8800 2 388.4
8900 0 726.9
8900 1 230.2
8900 2 390.2
9000 0 728.8
9000 1 227.9
9000 2 397.1
9100 0 724.8
9100 1 239.5
9100 2 410.8
9200 0 759.4
9200 1 237.4
9200 2 409.9
9300 0 748.8
9300 1 243.2
9300 2 418.1
9400 0 776.1
9400 1 252.1
9400 2 423.7
9500 0 764.5
9500 1 247.2
9500 2 425.1
9600 0 769.4
9600 1 258.4
9600 2 428
9700 0 794.6
9700 1 252.1
9700 2 436
9800 0 797.8
9800 1 256.4
9800 2 434.5
9900 0 809.7
9900 1 260.7
9900 2 437.6
10000 0 806.5
10000 1 259.5
10000 2 442.1
