500 0 27.2
500 1 15.6
500 2 15.7
600 0 36.2
600 1 18.4
600 2 19.5
700 0 46.1
700 1 21.6
700 2 24.3
800 0 51.9
800 1 25.2
800 2 28.3
900 0 60.4
900 1 27.7
900 2 33.4
1000 0 68.6
1000 1 31.7
1000 2 38
1100 0 79.8
1100 1 35.8
1100 2 42.5
1200 0 84.6
1200 1 42.6
1200 2 44.9
1300 0 92.9
1300 1 41.8
1300 2 48.9
1400 0 105.2
1400 1 44.6
1400 2 59.9
1500 0 111.4
1500 1 48.1
1500 2 58.2
1600 0 121.1
1600 1 51.5
1600 2 62.7
1700 0 129.5
1700 1 56
1700 2 69
1800 0 141.5
1800 1 62.5
1800 2 70.3
1900 0 145.7
1900 1 62.7
1900 2 72.1
2000 0 158.2
2000 1 67
2000 2 78.6
2100 0 166.8
2100 1 73.3
2100 2 82.3
2200 0 171.9
2200 1 73.2
2200 2 88
2300 0 184.9
2300 1 78
2300 2 96.4
2400 0 185.7
2400 1 81
2400 2 98.7
2500 0 195
2500 1 86.2
2500 2 103.2
2600 0 211.7
2600 1 88.2
2600 2 108.8
2700 0 216.7
2700 1 94.9
2700 2 116.5
2800 0 239.7
2800 1 99.5
2800 2 125.8
2900 0 234.6
2900 1 104.3
2900 2 131.8
3000 0 251.6
3000 1 103.5
3000 2 128
3100 0 254.8
3100 1 107.9
3100 2 136
3200 0 262.9
3200 1 111.3
3200 2 140.9
3300 0 274.5
3300 1 117.6
3300 2 154.3
3400 0 275.1
3400 1 119.1
3400 2 150.5
3500 0 301.1
3500 1 131.5
3500 2 160.8
3600 0 306.4
3600 1 131.7
3600 2 164.7
3700 0 322
3700 1 137.3
3700 2 175.4
3800 0 329.2
3800 1 134.7
3800 2 169.5
3900 0 341
3900 1 140.6
3900 2 173
4000 0 337.7
4000 1 141
4000 2 179.9
4100 0 361.9
4100 1 145.8
4100 2 189.4
4200 0 356.4
4200 1 153.7
4200 2 187
4300 0 362.8
4300 1 152.2
4300 2 197.9
4400 0 385.2
4400 1 166.3
4400 2 199.1
4500 0 385.2
4500 1 159.5
4500 2 202.2
4600 0 394.5
4600 1 164.7
4600 2 216.2
4700 0 407.2
4700 1 176.4
4700 2 216.1
4800 0 411.5
4800 1 177.5
4800 2 223
4900 0 423.1
4900 1 179.1
4900 2 230.9
5000 0 432.4
5000 1 184.6
5000 2 232.4
5100 0 437
5100 1 186
5100 2 238
5200 0 453.8
5200 1 198.5
5200 2 243.7
5300 0 460.4
5300 1 198.1
5300 2 257.6
5400 0 473.9
5400 1 197.5
5400 2 257.7
5500 0 475.9
5500 1 201
5500 2 262.7
5600 0 491.6
5600 1 203.9
5600 2 260.9
5700 0 502.2
5700 1 209.5
5700 2 279.2
5800 0 503.9
5800 1 218.8
5800 2 279.5
5900 0 526.3
5900 1 219.8
5900 2 289.8
6000 0 550.9
6000 1 232
6000 2 290.6
6100 0 550.1
6100 1 222.7
6100 2 288.1
6200 0 557.4
6200 1 226.4
6200 2 294.7
6300 0 555.8
6300 1 233.6
6300 2 296.2
6400 0 572
6400 1 240
6400 2 314.3
6500 0 591.3
6500 1 237.2
6500 2 305.6
6600 0 602.6
6600 1 241.8
6600 2 310.9
6700 0 593
6700 1 248.4
6700 2 322.6
6800 0 616.7
6800 1 254
6800 2 324.9
6900 0 639.6
6900 1 257.4
6900 2 329.3
7000 0 617.2
7000 1 259.5
7000 2 333.8
7100 0 646.3
7100 1 272.4
7100 2 338
7200 0 655.4
7200 1 292.5
7200 2 365.1
7300 0 696.9
7300 1 293.6
7300 2 352.1
7400 0 696.7
7400 1 281.6
7400 2 379.8
7500 0 686.7
7500 1 292.6
7500 2 356.3
7600 0 686.4
7600 1 291.7
7600 2 370.6
7700 0 696.1
7700 1 293.2
7700 2 376.6
7800 0 712
7800 1 301.2
7800 2 382.4
7900 0 729.7
7900 1 295.3
7900 2 392.3
8000 0 731.7
8000 1 303.4
8000 2 386.3
8100 0 742
8100 1 305.3
8100 2 396
8200 0 769.1
8200 1 307.5
8200 2 399.6
8300 0 769.2
8300 1 314.3
8300 2 400.7
8400 0 780.3
8400 1 319.3
8400 2 420.7
8500 0 775.1
8500 1 326.8
8500 2 406.4
8600 0 791.8
8600 1 325.2
8600 2 419.3
8700 0 793.1
8700 1 328.7
8700 2 417
8800 0 803.5
8800 1 331.8
8800 2 414.3
8900 0 826.3
8900 1 337.3
8900 2 421
9000 0 842.1
9000 1 338.6
9000 2 421.7
9100 0 848.2
9100 1 349.8
9100 2 430.5
9200 0 845.2
9200 1 349.8
9200 2 438.4
9300 0 863.6
9300 1 357.8
9300 2 438
9400 0 889
9400 1 378.3
9400 2 448.1
9500 0 922.7
9500 1 372.4
9500 2 464.5
9600 0 905.3
9600 1 363.2
9600 2 451.5
9700 0 912.3
9700 1 368.9
9700 2 504.2
9800 0 915.4
9800 1 372.7
9800 2 469.9
9900 0 914
9900 1 377
9900 2 461.1
10000 0 931.3
10000 1 388.9
10000 2 466.9
