500 0 67
500 1 79.4
500 2 78.6
600 0 83.4
600 1 106.5
600 2 106
700 0 106.7
700 1 138
700 2 137.3
800 0 124.9
800 1 173
800 2 172.1
900 0 132.4
900 1 148.1
900 2 149.9
1000 0 151.9
1000 1 174.1
1000 2 173.8
1100 0 170.6
1100 1 204.4
1100 2 202
1200 0 194.6
1200 1 233.9
1200 2 231.6
1300 0 217.4
1300 1 264.9
1300 2 264.2
1400 0 250
1400 1 297.5
1400 2 298
1500 0 271.6
1500 1 338.2
1500 2 336.4
1600 0 287.8
1600 1 372
1600 2 372.4
1700 0 284.5
1700 1 301
1700 2 304.3
1800 0 304.9
1800 1 326
1800 2 330.2
1900 0 330.8
1900 1 354.3
1900 2 357.8
2000 0 348.6
2000 1 455.2
2000 2 408.4
2100 0 396
2100 1 449.4
2100 2 454.9
2200 0 471.7
2200 1 500.9
2200 2 444.9
2300 0 420
2300 1 472.5
2300 2 473.6
2400 0 441.1
2400 1 502
2400 2 506.9
2500 0 461.5
2500 1 534.7
2500 2 545.3
2600 0 500.8
2600 1 577.6
2600 2 571.1
2700 0 512.6
2700 1 602.5
2700 2 606.2
2800 0 549.7
2800 1 641.7
2800 2 648.3
2900 0 566.2
2900 1 678.8
2900 2 681.4
3000 0 586.8
3000 1 716.3
3000 2 725.1
3100 0 619.9
3100 1 754
3100 2 758.1
3200 0 651.5
3200 1 793.4
3200 2 796.5
3300 0 623.5
3300 1 628
3300 2 634.1
3400 0 644.7
3400 1 656.8
3400 2 669.1
3500 0 662
3500 1 679.1
3500 2 688.1
3600 0 687.2
3600 1 712.4
3600 2 719.1
3700 0 714.5
3700 1 735.9
3700 2 751.8
3800 0 741.2
3800 1 763.8
3800 2 775.2
3900 0 762
3900 1 795.3
3900 2 807.5
4000 0 786.5
4000 1 823
4000 2 835.4
4100 0 809.1
4100 1 853.3
4100 2 864.9
4200 0 837.5
4200 1 885.5
4200 2 934.1
4300 0 864.5
4300 1 920.3
4300 2 933.3
4400 0 884.2
4400 1 952.6
4400 2 983
4500 0 912.2
4500 1 985.7
4500 2 993.4
4600 0 962
4600 1 1015.6
4600 2 1030.2
4700 0 963.7
4700 1 1079.2
4700 2 1062.7
4800 0 983.5
4800 1 1079.4
4800 2 1101.5
4900 0 1011.7
4900 1 1113.7
4900 2 1130.8
5000 0 1044.9
5000 1 1161.1
5000 2 1162.7
5100 0 1068.7
5100 1 1182.9
5100 2 1200.8
5200 0 1096.1
5200 1 1221.3
5200 2 1235.8
5300 0 1117.8
5300 1 1260.3
5300 2 1269.8
5400 0 1144.9
5400 1 1299
5400 2 1308
5500 0 1179.2
5500 1 1331.7
5500 2 1348.4
5600 0 1198.7
5600 1 1367.1
5600 2 1388.9
5700 0 1238.4
5700 1 1428
5700 2 1455.5
5800 0 1276.7
5800 1 1466.7
5800 2 1476.4
5900 0 1286.7
5900 1 1485.1
5900 2 1554.1
6000 0 1322.4
6000 1 1532.9
6000 2 1551.5
6100 0 1338.5
6100 1 1570
6100 2 1584.2
6200 0 1370.2
6200 1 1612.2
6200 2 1631.3
6300 0 1400.5
6300 1 1658.7
6300 2 1670.3
6400 0 1435.9
6400 1 1689.5
6400 2 1702.9
6500 0 1408
6500 1 1506.5
6500 2 1530.6
6600 0 1390.8
6600 1 1355.2
6600 2 1390.7
6700 0 1410.8
6700 1 1384.8
6700 2 1415.8
6800 0 1440.4
6800 1 1418.7
6800 2 1469.4
6900 0 1477.7
6900 1 1444.3
6900 2 1490
7000 0 1511.3
7000 1 1471.1
7000 2 1506.1
7100 0 1544.1
7100 1 1504.5
7100 2 1536.3
7200 0 1549.7
7200 1 1534
7200 2 1587.6
7300 0 1559
7300 1 1558.6
7300 2 1598
7400 0 1586
7400 1 1593.2
7400 2 1622.5
7500 0 1610.3
7500 1 1620.1
7500 2 1648.3
7600 0 1639.3
7600 1 1651.8
7600 2 1690.7
7700 0 1667.1
7700 1 1682.8
7700 2 1718.5
7800 0 1687
7800 1 1715.9
7800 2 1750.3
7900 0 1749.3
7900 1 1769.9
7900 2 1814.9
8000 0 1767.7
8000 1 1787.6
8000 2 1829.5
8100 0 1783.5
8100 1 1816.4
8100 2 1851.4
8200 0 1797.8
8200 1 1851.1
8200 2 1879.5
8300 0 1828.4
8300 1 1876.7
8300 2 1916.3
8400 0 1857.6
8400 1 1910.1
8400 2 1949.6
8500 0 1874.8
8500 1 1945.2
8500 2 1980.8
8600 0 1907.3
8600 1 1974.5
8600 2 2014.6
8700 0 1931.5
8700 1 2010.8
8700 2 2080.6
8800 0 1991
8800 1 2038.8
8800 2 2080.8
8900 0 1984.2
8900 1 2104.4
8900 2 2117.2
9000 0 2048.1
9000 1 2107.3
9000 2 2151.2
9100 0 2053.2
9100 1 2145.3
9100 2 2183.9
9200 0 2068.8
9200 1 2177.6
9200 2 2218.8
9300 0 2094.2
9300 1 2208.7
9300 2 2259.4
9400 0 2120.5
9400 1 2244.8
9400 2 2290.4
9500 0 2143.1
9500 1 2299.2
9500 2 2373.2
9600 0 2187.3
9600 1 2337
9600 2 2358.1
9700 0 2221
9700 1 2354.7
9700 2 2412.1
9800 0 2259.5
9800 1 2388.5
9800 2 2439.5
9900 0 2261.5
9900 1 2428.6
9900 2 2468.9
10000 0 2290.4
10000 1 2466.5
10000 2 2510.1
