500 0 116
500 1 210.3
500 2 209.4
600 0 166.1
600 1 302.4
600 2 300.4
700 0 223.9
700 1 411.1
700 2 400.4
800 0 283.9
800 1 526.8
800 2 519.7
900 0 216.9
900 1 365.9
900 2 371.3
1000 0 257.4
1000 1 435.8
1000 2 447.8
1100 0 306.2
1100 1 534.4
1100 2 525.6
1200 0 357.6
1200 1 630.8
1200 2 616.9
1300 0 408.2
1300 1 734.6
1300 2 712.2
1400 0 488.8
1400 1 834.6
1400 2 821.8
1500 0 541.8
1500 1 957.2
1500 2 950.3
1600 0 607.7
1600 1 1082.7
1600 2 1070.3
1700 0 426.1
1700 1 675.1
1700 2 662.5
1800 0 462.9
1800 1 750.6
1800 2 737.5
1900 0 516.5
1900 1 826.4
1900 2 820.7
2000 0 557.5
2000 1 908.1
2000 2 900.4
2100 0 617.6
2100 1 1007.3
2100 2 988.6
2200 0 644.9
2200 1 1084.6
2200 2 1092.4
2300 0 692.5
2300 1 1181.2
2300 2 1168.4
2400 0 777.6
2400 1 1283.8
2400 2 1265.5
2500 0 811
2500 1 1381.1
2500 2 1364.5
2600 0 867.8
2600 1 1491.4
2600 2 1475.3
2700 0 947.1
2700 1 1605.4
2700 2 1587.1
2800 0 1014.9
2800 1 1723.6
2800 2 1698.2
2900 0 1095.6
2900 1 1875.4
2900 2 1811.4
3000 0 1119.8
3000 1 1961.2
3000 2 1932.8
3100 0 1214.2
3100 1 2085.6
3100 2 2062.7
3200 0 1285.8
3200 1 2212.8
3200 2 2187.1
3300 0 865.8
3300 1 1318.8
3300 2 1305.8
3400 0 924.7
3400 1 1389.7
3400 2 1382.5
3500 0 957.4
3500 1 1467.2
3500 2 1457.9
3600 0 995
3600 1 1544
3600 2 1533.9
3700 0 1058.2
3700 1 1622.3
3700 2 1609.1
3800 0 1102.8
3800 1 1705.5
3800 2 1686.3
3900 0 1146.4
3900 1 1789.4
3900 2 1776.3
4000 0 1206.9
4000 1 1900.5
4000 2 1882.4
4100 0 1238.6
4100 1 1990.5
4100 2 1947.5
4200 0 1328.6
4200 1 2052.8
4200 2 2036.1
4300 0 1361.8
4300 1 2141.8
4300 2 2133.3
4400 0 1398.8
4400 1 2239.7
4400 2 2216.3
4500 0 1448.4
4500 1 2327.4
4500 2 2315.6
4600 0 1482.7
4600 1 2429.3
4600 2 2406.8
4700 0 1564.9
4700 1 2521.4
4700 2 2507
4800 0 1625.3
4800 1 2630.6
4800 2 2665.2
4900 0 1702.9
4900 1 2726.2
4900 2 2742.7
5000 0 1756.2
5000 1 2852.3
5000 2 2817.6
5100 0 1805.7
5100 1 2936.1
5100 2 2921.4
5200 0 1853.6
5200 1 3059.9
5200 2 3028.1
5300 0 1905.3
5300 1 3158.7
5300 2 3142.3
5400 0 1994.3
5400 1 3272
5400 2 3249.6
5500 0 2100.6
5500 1 3402.4
5500 2 3358.4
5600 0 2147.8
5600 1 3512.9
5600 2 3483.7
5700 0 2195.1
5700 1 3632.2
5700 2 3660.8
5800 0 2281.6
5800 1 3741.6
5800 2 3709.5
5900 0 2302
5900 1 3869.7
5900 2 3837.9
6000 0 2377.2
6000 1 4044.6
6000 2 4006.6
6100 0 2436.2
6100 1 4143.9
6100 2 4082.8
6200 0 2522.7
6200 1 4250.7
6200 2 4220.1
6300 0 2610
6300 1 4383
6300 2 4339.8
6400 0 2685.6
6400 1 4517.7
6400 2 4509.4
6500 0 1839.5
6500 1 2657.1
6500 2 2660.2
6600 0 1902.7
6600 1 2730.9
6600 2 2730.1
6700 0 1939.2
6700 1 2813.6
6700 2 2808.5
6800 0 1981.4
6800 1 2896.3
6800 2 2882.8
6900 0 2019.4
6900 1 2956.8
6900 2 2962
7000 0 2063.1
7000 1 3038.7
7000 2 3042.1
7100 0 2117.8
7100 1 3167.9
7100 2 3148.4
7200 0 2172.7
7200 1 3196.4
7200 2 3205.5
7300 0 2202.8
7300 1 3296.6
7300 2 3263.2
7400 0 2266.5
7400 1 3356
7400 2 3349.9
7500 0 2315.5
7500 1 3440.8
7500 2 3435.3
7600 0 2360.8
7600 1 3527.8
7600 2 3553.5
7700 0 2439.6
7700 1 3644.4
7700 2 3615.6
7800 0 2463.8
7800 1 3699.3
7800 2 4370.5
7900 0 2498.6
7900 1 3778
7900 2 3769.2
8000 0 2549.8
8000 1 3866.3
8000 2 3858
8100 0 2597.2
8100 1 3950.7
8100 2 3975.3
8200 0 2669.7
8200 1 4054.2
8200 2 4040.4
8300 0 2724.3
8300 1 4132.6
8300 2 4112.5
8400 0 2778.6
8400 1 4233.4
8400 2 4203
8500 0 2836.2
8500 1 4310.9
8500 2 4298.8
8600 0 2901.8
8600 1 4473.8
8600 2 4424.5
8700 0 2952.8
8700 1 4523.4
8700 2 4480.8
8800 0 2974.6
8800 1 4606.3
8800 2 4572.7
8900 0 3008.4
8900 1 4699.6
8900 2 4671.4
9000 0 3085.6
9000 1 4835
9000 2 4807.7
9100 0 3179.3
9100 1 4913.6
9100 2 4864.5
9200 0 3178.6
9200 1 4979.6
9200 2 4964.2
9300 0 3253.1
9300 1 5094.1
9300 2 5063.2
9400 0 3355.1
9400 1 5215.7
9400 2 5183.5
9500 0 3401
9500 1 5302
9500 2 5266.9
9600 0 3442
9600 1 5411
9600 2 5362
9700 0 3508.6
9700 1 5503.7
9700 2 5549
9800 0 3591.9
9800 1 5648.8
9800 2 5590.1
9900 0 3632.9
9900 1 5702.3
9900 2 5670.1
10000 0 3689.1
10000 1 5830.1
10000 2 5773.2
