500 0 116.7
500 1 210.6
500 2 207.1
600 0 167.6
600 1 299.3
600 2 296.2
700 0 140.7
700 1 222.7
700 2 220.6
800 0 171
800 1 290.1
800 2 284.2
900 0 211.5
900 1 358.5
900 2 353.2
1000 0 260.9
1000 1 438.2
1000 2 431.6
1100 0 306.3
1100 1 524.3
1100 2 519.9
1200 0 357.7
1200 1 618.4
1200 2 611.4
1300 0 274.5
1300 1 411.5
1300 2 427
1400 0 312.3
1400 1 485.3
1400 2 470.6
1500 0 351.1
1500 1 541.4
1500 2 529.1
1600 0 381.9
1600 1 597.3
1600 2 596.5
1700 0 414.1
1700 1 677
1700 2 680.7
1800 0 464.6
1800 1 747.6
1800 2 743.3
1900 0 509.9
1900 1 827.6
1900 2 831.8
2000 0 558.5
2000 1 907.6
2000 2 900.1
2100 0 612.1
2100 1 1014.6
2100 2 985.9
2200 0 655.2
2200 1 1089.1
2200 2 1077.6
2300 0 708
2300 1 1181
2300 2 1173.3
2400 0 766.7
2400 1 1282.1
2400 2 1269.2
2500 0 562.1
2500 1 799.9
2500 2 802.7
2600 0 596.3
2600 1 857
2600 2 855.4
2700 0 637.3
2700 1 921.8
2700 2 914.6
2800 0 667.9
2800 1 978.3
2800 2 977.5
2900 0 718
2900 1 1041.3
2900 2 1062.5
3000 0 753.7
3000 1 1107.1
3000 2 1102.3
3100 0 788.3
3100 1 1175.3
3100 2 1172.4
3200 0 828.4
3200 1 1247
3200 2 1243.1
3300 0 868.2
3300 1 1314.5
3300 2 1346.2
3400 0 927.7
3400 1 1404.1
3400 2 1392.8
3500 0 952.2
3500 1 1468.5
3500 2 1455.7
3600 0 1004.4
3600 1 1546.6
3600 2 1533.8
3700 0 1049.9
3700 1 1651.4
3700 2 1619.8
3800 0 1105.5
3800 1 1703.1
3800 2 1697.3
3900 0 1154.5
3900 1 1789.8
3900 2 1779.3
4000 0 1203.2
4000 1 1868.2
4000 2 1871.8
4100 0 1231.7
4100 1 1959
4100 2 1959
4200 0 1320.1
4200 1 2054.1
4200 2 2041.3
4300 0 1365.3
4300 1 2138.5
4300 2 2132.8
4400 0 1382.3
4400 1 2254
4400 2 2259
4500 0 1473.3
4500 1 2341.3
4500 2 2328.9
4600 0 1519.9
4600 1 2419.2
4600 2 2432.1
4700 0 1570.3
4700 1 2548.5
4700 2 2507.9
4800 0 1619.7
4800 1 2628.5
4800 2 2616.9
4900 0 1191.6
4900 1 1622.2
4900 2 1623.3
5000 0 1233.6
5000 1 1676.1
5000 2 1680.7
5100 0 1269
5100 1 1736.5
5100 2 1739.7
5200 0 1313
5200 1 1798.3
5200 2 1805.1
5300 0 1349.3
5300 1 1883.2
5300 2 1896.8
5400 0 1393.3
5400 1 1934.9
5400 2 1931.3
5500 0 1419.2
5500 1 2000.1
5500 2 1981.1
5600 0 1470.7
5600 1 2057.3
5600 2 2059.9
5700 0 1501.7
5700 1 2110.2
5700 2 2108
5800 0 1545.2
5800 1 2181.3
5800 2 2177.5
5900 0 1579.8
5900 1 2240.7
5900 2 2237.7
6000 0 1622.5
6000 1 2311.4
6000 2 2309.3
6100 0 1672.5
6100 1 2381.4
6100 2 2378.1
6200 0 1758.4
6200 1 2461.4
6200 2 2478.2
6300 0 1764.9
6300 1 2537.9
6300 2 2514.3
6400 0 1824.5
6400 1 2591.1
6400 2 2587.3
6500 0 1835.9
6500 1 2662.8
6500 2 2668.6
6600 0 1880.5
6600 1 2734.3
6600 2 2739.8
6700 0 1917.6
6700 1 2809.7
6700 2 2804.5
6800 0 1973.9
6800 1 2884
6800 2 2900.2
6900 0 2035.9
6900 1 3004.5
6900 2 2989.3
7000 0 2095.4
7000 1 3036.9
7000 2 3031
7100 0 2112.1
7100 1 3153.1
7100 2 3136.8
7200 0 2151.5
7200 1 3210.4
7200 2 3209
7300 0 2217.9
7300 1 3282.8
7300 2 3286.9
7400 0 2251.7
7400 1 3355.2
7400 2 3364.7
7500 0 2301.4
7500 1 3447.4
7500 2 3425.5
7600 0 2362.3
7600 1 3522.5
7600 2 3514.9
7700 0 2418.2
7700 1 3611.6
7700 2 3608.5
7800 0 2458.7
7800 1 3696.3
7800 2 3674.7
7900 0 2505.2
7900 1 3783.9
7900 2 3765.7
8000 0 2611.4
8000 1 3928.6
8000 2 3894.1
8100 0 2597.3
8100 1 3957.7
8100 2 3948.3
8200 0 2664.6
8200 1 4043.8
8200 2 4027.4
8300 0 2725.5
8300 1 4145.7
8300 2 4120.5
8400 0 2794.7
8400 1 4220
8400 2 4258.2
8500 0 2852.8
8500 1 4364.2
8500 2 4296.8
8600 0 2895.8
8600 1 4428.6
8600 2 4398.8
8700 0 2920.3
8700 1 4505.3
8700 2 4474.7
8800 0 2962
8800 1 4600.8
8800 2 4599.2
8900 0 3081.9
8900 1 4740.7
8900 2 4694.8
9000 0 3117
9000 1 4800.5
9000 2 4767.5
9100 0 3151.4
9100 1 4889.1
9100 2 4868.5
9200 0 3210.3
9200 1 4983.9
9200 2 5028.5
9300 0 3295.4
9300 1 5139.3
9300 2 5061.3
9400 0 3322.4
9400 1 5195.5
9400 2 5167.7
9500 0 3351.1
9500 1 5290.5
9500 2 5270.7
9600 0 3445.9
9600 1 5464.7
9600 2 5443
9700 0 2562.8
9700 1 3339.3
9700 2 3354.2
9800 0 2587.6
9800 1 3408.7
9800 2 3412.2
9900 0 2660.1
9900 1 3449.5
9900 2 3468.7
10000 0 2671.6
10000 1 3514.9
10000 2 3527.5
