500 0 75.5
500 1 120.7
500 2 119.4
600 0 104.3
600 1 167.7
600 2 165.3
700 0 137.1
700 1 225.3
700 2 221.2
800 0 173.3
800 1 287.2
800 2 282.7
900 0 153.6
900 1 214.7
900 2 211.7
1000 0 177.4
1000 1 255.5
1000 2 253.9
1100 0 207.9
1100 1 303.2
1100 2 301.4
1200 0 234.6
1200 1 354.7
1200 2 350.6
1300 0 277.4
1300 1 409
1300 2 407.6
1400 0 300.5
1400 1 468.1
1400 2 466.8
1500 0 341.2
1500 1 535.8
1500 2 526.5
1600 0 382.7
1600 1 599
1600 2 595.1
1700 0 315.7
1700 1 415.7
1700 2 429.4
1800 0 344.8
1800 1 466.6
1800 2 454.8
1900 0 375
1900 1 505
1900 2 513.9
2000 0 396.9
2000 1 549.3
2000 2 552.3
2100 0 428.2
2100 1 589.7
2100 2 585
2200 0 457.3
2200 1 646.6
2200 2 633.8
2300 0 497
2300 1 698.1
2300 2 694.6
2400 0 529
2400 1 752.6
2400 2 741
2500 0 562.3
2500 1 804.9
2500 2 806.7
2600 0 608.1
2600 1 870.6
2600 2 852.3
2700 0 628.5
2700 1 917.9
2700 2 909.9
2800 0 673.2
2800 1 979
2800 2 978.7
2900 0 701.7
2900 1 1045.7
2900 2 1039.8
3000 0 749.1
3000 1 1109.7
3000 2 1102.5
3100 0 798.3
3100 1 1176.5
3100 2 1165.5
3200 0 822
3200 1 1245.4
3200 2 1237.4
3300 0 672.7
3300 1 832.9
3300 2 836.3
3400 0 723.8
3400 1 879.1
3400 2 876.4
3500 0 734.5
3500 1 921.2
3500 2 918.9
3600 0 768.7
3600 1 960.6
3600 2 967.4
3700 0 797.3
3700 1 1007.9
3700 2 1010.8
3800 0 829.3
3800 1 1051
3800 2 1058.1
3900 0 878.6
3900 1 1107.5
3900 2 1107.7
4000 0 901.3
4000 1 1166.1
4000 2 1147
4100 0 919.8
4100 1 1195
4100 2 1221.4
4200 0 954
4200 1 1267.2
4200 2 1244.1
4300 0 991.8
4300 1 1299.4
4300 2 1311
4400 0 1006.6
4400 1 1345.3
4400 2 1346.9
4500 0 1064.6
4500 1 1398.6
4500 2 1415.1
4600 0 1093.7
4600 1 1460.6
4600 2 1461.7
4700 0 1115.7
4700 1 1508.2
4700 2 1511
4800 0 1157.6
4800 1 1562.4
4800 2 1572.6
4900 0 1189.6
4900 1 1621.7
4900 2 1624.7
5000 0 1229.4
5000 1 1680.1
5000 2 1682.5
5100 0 1280.8
5100 1 1743.7
5100 2 1756
5200 0 1337.1
5200 1 1802.1
5200 2 1804.8
5300 0 1341.1
5300 1 1854.4
5300 2 1881.8
5400 0 1374.9
5400 1 1915.8
5400 2 1916.1
5500 0 1419.7
5500 1 1983.5
5500 2 1978.9
5600 0 1458.9
5600 1 2042.1
5600 2 2046.7
5700 0 1494.2
5700 1 2107.1
5700 2 2108.8
5800 0 1536.4
5800 1 2185.1
5800 2 2170.2
5900 0 1575.6
5900 1 2244.2
5900 2 2238.5
6000 0 1642.6
6000 1 2355.5
6000 2 2346.4
6100 0 1680.4
6100 1 2383.3
6100 2 2393.5
6200 0 1701.3
6200 1 2468.1
6200 2 2464.2
6300 0 1746.4
6300 1 2525.3
6300 2 2509.8
6400 0 1783.5
6400 1 2584.3
6400 2 2593.8
6500 0 1468.5
6500 1 1731.2
6500 2 1744
6600 0 1488.3
6600 1 1775.9
6600 2 1789.2
6700 0 1535.8
6700 1 1813.4
6700 2 1833
6800 0 1551.2
6800 1 1862.3
6800 2 1872.9
6900 0 1603.3
6900 1 1935.9
6900 2 1949.4
7000 0 1617.3
7000 1 1967.4
7000 2 1958.8
7100 0 1656.1
7100 1 1990
7100 2 2032.5
7200 0 1693.9
7200 1 2049.5
7200 2 2044.9
7300 0 1718.2
7300 1 2084.3
7300 2 2102.4
7400 0 1753.6
7400 1 2126.1
7400 2 2149.6
7500 0 1779.5
7500 1 2183.8
7500 2 2194.2
7600 0 1817.9
7600 1 2221.7
7600 2 2244.5
7700 0 1846.2
7700 1 2291.5
7700 2 2316.6
7800 0 1903.1
7800 1 2345.4
7800 2 2337.7
7900 0 1923.6
7900 1 2371.7
7900 2 2402.3
8000 0 1953.6
8000 1 2425.7
8000 2 2437.1
8100 0 1960.4
8100 1 2473.3
8100 2 2486.5
8200 0 2015.6
8200 1 2511.1
8200 2 2539.4
8300 0 2046.1
8300 1 2569.8
8300 2 2586.3
8400 0 2081.1
8400 1 2620.4
8400 2 2716.6
8500 0 2203.4
8500 1 2787.6
8500 2 2760.4
8600 0 2230.9
8600 1 2836.4
8600 2 2856.8
8700 0 2281.8
8700 1 2869.7
8700 2 2792.5
8800 0 2212.1
8800 1 2829.4
8800 2 2840.4
8900 0 2250.3
8900 1 2887.5
8900 2 2899.5
9000 0 2308.8
9000 1 2942.9
9000 2 2955.3
9100 0 2392.4
9100 1 2993.7
9100 2 3012.8
9200 0 2392.6
9200 1 3054.9
9200 2 3080.5
9300 0 2404.1
9300 1 3103.8
9300 2 3122.8
9400 0 2449.3
9400 1 3172.1
9400 2 3174.5
9500 0 2476.6
9500 1 3218.8
9500 2 3232.6
9600 0 2528
9600 1 3280.7
9600 2 3341.9
9700 0 2562
9700 1 3366.3
9700 2 3346.2
9800 0 2623.1
9800 1 3421.6
9800 2 3452.9
9900 0 2625.5
9900 1 3576.1
9900 2 3665.4
10000 0 2911.6
10000 1 3564.8
10000 2 3525.2
