500 0 116.4
500 1 97.8
500 2 99.2
600 0 132.8
600 1 113.8
600 2 112.6
700 0 150.3
700 1 124.7
700 2 125.6
800 0 179.8
800 1 150
800 2 152.1
900 0 234.3
900 1 197.8
900 2 195.6
1000 0 255.4
1000 1 213.1
1000 2 216.2
1100 0 274.5
1100 1 228.5
1100 2 231
1200 0 297.7
1200 1 246.1
1200 2 244.7
1300 0 309.8
1300 1 260.2
1300 2 257.2
1400 0 329.7
1400 1 280.9
1400 2 276.2
1500 0 350.2
1500 1 290.7
1500 2 289.1
1600 0 400.4
1600 1 326
1600 2 324.5
1700 0 468.7
1700 1 374.9
1700 2 373.1
1800 0 504.5
1800 1 417.8
1800 2 419.7
1900 0 523.2
1900 1 440.5
1900 2 440.9
2000 0 561.2
2000 1 451.4
2000 2 453.5
2100 0 573.4
2100 1 491.1
2100 2 496.1
2200 0 607.2
2200 1 500.1
2200 2 500.1
2300 0 617.9
2300 1 511.3
2300 2 522.5
2400 0 640.5
2400 1 529.2
2400 2 540.8
2500 0 659.4
2500 1 546.8
2500 2 550.7
2600 0 685.7
2600 1 552
2600 2 559.9
2700 0 701.5
2700 1 576.6
2700 2 580.9
2800 0 724.4
2800 1 589.8
2800 2 598.7
2900 0 742.6
2900 1 605.7
2900 2 621.1
3000 0 765.8
3000 1 624.4
3000 2 631.8
3100 0 801.7
3100 1 646.2
3100 2 658.6
3200 0 866.1
3200 1 704
3200 2 708.9
3300 0 914.6
3300 1 748.6
3300 2 764.3
3400 0 977.1
3400 1 799.6
3400 2 809.1
3500 0 1032.7
3500 1 855.6
3500 2 859.5
3600 0 1085
3600 1 894.9
3600 2 905.5
3700 0 1106.3
3700 1 911.2
3700 2 925.4
3800 0 1142.2
3800 1 940.4
3800 2 944.5
3900 0 1174.9
3900 1 966.8
3900 2 989.5
4000 0 1198.4
4000 1 981.9
4000 2 999.6
4100 0 1226.4
4100 1 996.2
4100 2 1013.6
4200 0 1250.4
4200 1 1019.5
4200 2 1039.4
4300 0 1274.8
4300 1 1041.2
4300 2 1058.8
4400 0 1295.6
4400 1 1057
4400 2 1079.4
4500 0 1319.9
4500 1 1074.3
4500 2 1097.7
4600 0 1339.8
4600 1 1088.7
4600 2 1120.7
4700 0 1380.5
4700 1 1112.9
4700 2 1134.4
4800 0 1393.9
4800 1 1138.8
4800 2 1151.1
4900 0 1417.8
4900 1 1146.7
4900 2 1173.3
5000 0 1442.4
5000 1 1167.3
5000 2 1185.9
5100 0 1448.5
5100 1 1175.2
5100 2 1199
5200 0 1474.6
5200 1 1195.1
5200 2 1217.3
5300 0 1501.2
5300 1 1216.6
5300 2 1242.2
5400 0 1527.2
5400 1 1234.7
5400 2 1257.9
5500 0 1549.4
5500 1 1256
5500 2 1282.3
5600 0 1567.3
5600 1 1263.9
5600 2 1306.7
5700 0 1601.5
5700 1 1295.3
5700 2 1333.9
5800 0 1669.7
5800 1 1343.4
5800 2 1365.9
5900 0 1673.4
5900 1 1359.3
5900 2 1370.7
6000 0 1711.8
6000 1 1368.4
6000 2 1420.4
6100 0 1751.3
6100 1 1423.6
6100 2 1452.3
6200 0 1809.8
6200 1 1444.7
6200 2 1484.1
6300 0 1843.3
6300 1 1464.4
6300 2 1543.1
6400 0 1923.5
6400 1 1527.8
6400 2 1555.7
6500 0 1949.2
6500 1 1550.4
6500 2 1585.9
6600 0 1968
6600 1 1621.2
6600 2 1690.3
6700 0 2104.7
6700 1 1705
6700 2 1772.2
6800 0 2152.4
6800 1 1782.5
6800 2 1815.4
6900 0 2265.8
6900 1 1814.7
6900 2 1858.3
7000 0 2318.5
7000 1 1849.1
7000 2 1920.4
7100 0 2329.4
7100 1 1922.5
7100 2 1960.8
7200 0 2388.4
7200 1 1920.9
7200 2 1944.2
7300 0 2360
7300 1 1949.1
7300 2 1989.2
7400 0 2405.4
7400 1 1962
7400 2 1989.3
7500 0 2429.5
7500 1 1978.8
7500 2 2007.1
7600 0 2457.1
7600 1 1986.8
7600 2 2038.2
7700 0 2471.5
7700 1 2011.8
7700 2 2058.3
7800 0 2493.9
7800 1 2022.8
7800 2 2074.8
7900 0 2511.7
7900 1 2043.1
7900 2 2091.5
8000 0 2531.9
8000 1 2074.9
8000 2 2140.2
8100 0 2669.4
8100 1 2153.9
8100 2 2213.7
8200 0 2653.5
8200 1 2161.7
8200 2 2212.2
8300 0 2667
8300 1 2188.7
8300 2 2261.9
8400 0 2776.6
8400 1 2231.7
8400 2 2294.7
8500 0 2752.8
8500 1 2253.2
8500 2 2262.9
8600 0 2725.7
8600 1 2206.8
8600 2 2252.8
8700 0 2734.7
8700 1 2206.9
8700 2 2268.3
8800 0 2865.9
8800 1 2314.7
8800 2 2453.9
8900 0 2961.7
8900 1 2376.7
8900 2 2464
9000 0 2935.6
9000 1 2366.4
9000 2 2412.3
9100 0 2954.3
9100 1 2407
9100 2 2476.8
9200 0 3019.2
9200 1 2402.3
9200 2 2480.2
9300 0 3015.4
9300 1 2451.4
9300 2 2448.8
9400 0 3055.9
9400 1 2448
9400 2 2527
9500 0 3059.9
9500 1 2467.1
9500 2 2506.9
9600 0 3088.2
9600 1 2494
9600 2 2535.8
9700 0 3116.7
9700 1 2495.4
9700 2 2544.2
9800 0 3096.3
9800 1 2492.9
9800 2 2544.1
9900 0 3126.2
9900 1 2509.2
9900 2 2569.5
10000 0 3127.5
10000 1 2528.3
10000 2 2583.7
