500 0 68.4
500 1 64.8
500 2 64.3
600 0 88.8
600 1 79
600 2 79.7
700 0 105.1
700 1 94.1
700 2 94.5
800 0 119.8
800 1 110.5
800 2 110.5
900 0 135.3
900 1 127.3
900 2 127
1000 0 157.8
1000 1 144.9
1000 2 146.1
1100 0 187.8
1100 1 161.6
1100 2 164.6
1200 0 205.7
1200 1 179.4
1200 2 179
1300 0 222.5
1300 1 194
1300 2 197.6
1400 0 240.7
1400 1 210.8
1400 2 213.9
1500 0 260.2
1500 1 229.5
1500 2 229.8
1600 0 275.4
1600 1 246.5
1600 2 248.8
1700 0 293.3
1700 1 266.2
1700 2 267.1
1800 0 311.4
1800 1 288.9
1800 2 286.8
1900 0 330.8
1900 1 303.5
1900 2 305.8
2000 0 359.7
2000 1 325.5
2000 2 330.6
2100 0 408.7
2100 1 343.4
2100 2 348.5
2200 0 424.8
2200 1 359.5
2200 2 369.3
2300 0 444.3
2300 1 375.3
2300 2 383.2
2400 0 465.2
2400 1 395.1
2400 2 405.2
2500 0 484.9
2500 1 410.4
2500 2 421.6
2600 0 503.5
2600 1 437.7
2600 2 456.8
2700 0 538
2700 1 450.7
2700 2 466.1
2800 0 555.7
2800 1 478.6
2800 2 481.1
2900 0 567.8
2900 1 484.8
2900 2 497.3
3000 0 579.7
3000 1 511.3
3000 2 519
3100 0 614.9
3100 1 524.5
3100 2 531.9
3200 0 626.8
3200 1 541.1
3200 2 550.7
3300 0 645.8
3300 1 560.8
3300 2 576.4
3400 0 661.2
3400 1 589.7
3400 2 606.2
3500 0 684.3
3500 1 607.2
3500 2 613.3
3600 0 700.5
3600 1 627
3600 2 637.7
3700 0 732.8
3700 1 643.2
3700 2 654.6
3800 0 745.7
3800 1 664
3800 2 677.9
3900 0 766.7
3900 1 686.8
3900 2 699
4000 0 808.2
4000 1 707.3
4000 2 724.9
4100 0 888.2
4100 1 731.8
4100 2 745.7
4200 0 903.1
4200 1 751.9
4200 2 768.7
4300 0 922.6
4300 1 766.6
4300 2 786.1
4400 0 944.2
4400 1 788.2
4400 2 811.5
4500 0 971
4500 1 807.1
4500 2 825.4
4600 0 997.4
4600 1 823.1
4600 2 848.6
4700 0 1008.1
4700 1 840.2
4700 2 862.1
4800 0 1028.5
4800 1 861
4800 2 888.7
4900 0 1057.6
4900 1 879.7
4900 2 927.4
5000 0 1096.2
5000 1 908.6
5000 2 952.5
5100 0 1123.3
5100 1 918
5100 2 949.1
5200 0 1139
5200 1 939.3
5200 2 977.2
5300 0 1139.6
5300 1 972
5300 2 985.8
5400 0 1164.2
5400 1 983.6
5400 2 1010.5
5500 0 1182.8
5500 1 1004.7
5500 2 1033.4
5600 0 1212.4
5600 1 1020
5600 2 1048.5
5700 0 1225.8
5700 1 1041.2
5700 2 1066
5800 0 1251.3
5800 1 1067.9
5800 2 1087.3
5900 0 1270.6
5900 1 1082.1
5900 2 1112.7
6000 0 1292.9
6000 1 1100.2
6000 2 1133.6
6100 0 1320.6
6100 1 1118.3
6100 2 1148.4
6200 0 1338.1
6200 1 1143.9
6200 2 1171.8
6300 0 1368.1
6300 1 1166.6
6300 2 1195.9
6400 0 1387.1
6400 1 1199.5
6400 2 1241.7
6500 0 1419.6
6500 1 1207
6500 2 1238.4
6600 0 1450.5
6600 1 1228.7
6600 2 1264.7
6700 0 1465.1
6700 1 1246.6
6700 2 1280.5
6800 0 1494.4
6800 1 1268.4
6800 2 1310.7
6900 0 1495.6
6900 1 1291
6900 2 1328.7
7000 0 1520.7
7000 1 1310.3
7000 2 1350.3
7100 0 1546.3
7100 1 1336.2
7100 2 1374.7
7200 0 1558.2
7200 1 1359.9
7200 2 1396
7300 0 1588.5
7300 1 1381
7300 2 1416.3
7400 0 1608.7
7400 1 1403
7400 2 1438.6
7500 0 1627.6
7500 1 1426.8
7500 2 1463.4
7600 0 1653.4
7600 1 1486.5
7600 2 1527.4
7700 0 1697.6
7700 1 1470.5
7700 2 1536.9
7800 0 1700.2
7800 1 1490.4
7800 2 1532
7900 0 1726.7
7900 1 1540.2
7900 2 1569.8
8000 0 1813.4
8000 1 1543.3
8000 2 1583.9
8100 0 1867.6
8100 1 1566.7
8100 2 1616.9
8200 0 1934.9
8200 1 1584.2
8200 2 1631.1
8300 0 1959.1
8300 1 1611.5
8300 2 1660.1
8400 0 1988.8
8400 1 1629.8
8400 2 1678.7
8500 0 2006.5
8500 1 1671.6
8500 2 1710.1
8600 0 2061.7
8600 1 1705.6
8600 2 1723.7
8700 0 2069.3
8700 1 1694.4
8700 2 1752.9
8800 0 2108.5
8800 1 1718.5
8800 2 1783.6
8900 0 2107.3
8900 1 1737.1
8900 2 1786
9000 0 2129.8
9000 1 1756.4
9000 2 1816.7
9100 0 2152.1
9100 1 1780.9
9100 2 1830.9
9200 0 2179
9200 1 1790.6
9200 2 1851.8
9300 0 2200.2
9300 1 1809.2
9300 2 1871.5
9400 0 2219.1
9400 1 1833
9400 2 1918.9
9500 0 2297.2
9500 1 1886.9
9500 2 1926.1
9600 0 2269.3
9600 1 1917.4
9600 2 1936
9700 0 2315
9700 1 1897.9
9700 2 1974.2
9800 0 2319.8
9800 1 1922.9
9800 2 1998.5
9900 0 2347.6
9900 1 1934.1
9900 2 2001.9
10000 0 2365.2
10000 1 1961.5
10000 2 2025.3
