500 0 92.7
500 1 74.8
500 2 75.5
600 0 108.4
600 1 93.4
600 2 91.9
700 0 121.8
700 1 102.1
700 2 107.2
800 0 167.3
800 1 143.2
800 2 147.2
900 0 186.2
900 1 156.6
900 2 155.5
1000 0 212.8
1000 1 169
1000 2 170.9
1100 0 225.5
1100 1 192
1100 2 185.6
1200 0 238.2
1200 1 201.4
1200 2 209.8
1300 0 263.6
1300 1 214.4
1300 2 215.3
1400 0 273.9
1400 1 229.6
1400 2 239.9
1500 0 346.8
1500 1 279.5
1500 2 279.3
1600 0 376.8
1600 1 313.3
1600 2 307.7
1700 0 404.4
1700 1 322.8
1700 2 325.9
1800 0 423.9
1800 1 339.7
1800 2 348.1
1900 0 435.3
1900 1 362.9
1900 2 357.5
2000 0 463
2000 1 376.5
2000 2 380.3
2100 0 488
2100 1 392.1
2100 2 391.1
2200 0 496.1
2200 1 409.2
2200 2 408.9
2300 0 511.1
2300 1 423.9
2300 2 420
2400 0 534.1
2400 1 433.3
2400 2 440.1
2500 0 554.5
2500 1 452.9
2500 2 454
2600 0 573.8
2600 1 463.6
2600 2 474.9
2700 0 590.5
2700 1 485.5
2700 2 487.6
2800 0 615.7
2800 1 497.9
2800 2 510.4
2900 0 673.7
2900 1 548.8
2900 2 561.9
3000 0 736.5
3000 1 600.1
3000 2 613.6
3100 0 788.7
3100 1 642.1
3100 2 655.6
3200 0 811.8
3200 1 657.5
3200 2 672.6
3300 0 838.4
3300 1 678.4
3300 2 691.8
3400 0 861
3400 1 700.8
3400 2 709.5
3500 0 2339.1
3500 1 749.1
3500 2 753.1
3600 0 903.6
3600 1 734.6
3600 2 752.4
3700 0 935.1
3700 1 752.6
3700 2 767.1
3800 0 948.7
3800 1 767.6
3800 2 786.6
3900 0 978.3
3900 1 796
3900 2 825.4
4000 0 1016
4000 1 810.8
4000 2 836.2
4100 0 1034.6
4100 1 829.1
4100 2 850.6
4200 0 1051.8
4200 1 851.4
4200 2 865.4
4300 0 1079.5
4300 1 866
4300 2 888.2
4400 0 1094.6
4400 1 876.6
4400 2 893.3
4500 0 1107.9
4500 1 887.9
4500 2 909.3
4600 0 1126.8
4600 1 905.1
4600 2 924.6
4700 0 1150.9
4700 1 925.1
4700 2 948
4800 0 1172.5
4800 1 946
4800 2 969.9
4900 0 1195.9
4900 1 957.7
4900 2 984.8
5000 0 1234.7
5000 1 1011.2
5000 2 1020.4
5100 0 1270.9
5100 1 1028.9
5100 2 1075
5200 0 1303.5
5200 1 1041.1
5200 2 1058.5
5300 0 1331.4
5300 1 1082.5
5300 2 1093.6
5400 0 1351.3
5400 1 1072.8
5400 2 1115.7
5500 0 1365
5500 1 1092.9
5500 2 1122.5
5600 0 1386.4
5600 1 1122.3
5600 2 1139.8
5700 0 1442.2
5700 1 1143.2
5700 2 1217.9
5800 0 1484.6
5800 1 1193.9
5800 2 1228
5900 0 1542.4
5900 1 1245.1
5900 2 1293.3
6000 0 1625.9
6000 1 1310.7
6000 2 1345.3
6100 0 1708
6100 1 1373
6100 2 1396.9
6200 0 1743.2
6200 1 1388.8
6200 2 1454.3
6300 0 1768.5
6300 1 1418.9
6300 2 1438.9
6400 0 1800.3
6400 1 1450.3
6400 2 1498.1
6500 0 1814.2
6500 1 1458.5
6500 2 1493.7
6600 0 1845.6
6600 1 1482.3
6600 2 1527.1
6700 0 1861.6
6700 1 1510.6
6700 2 1543.9
6800 0 1906.3
6800 1 1524
6800 2 1555.8
6900 0 1923.7
6900 1 1545.7
6900 2 1606.6
7000 0 1959.4
7000 1 1566.7
7000 2 1606.8
7100 0 1954.1
7100 1 1547
7100 2 1605.6
7200 0 1958.5
7200 1 1566.7
7200 2 1609.7
7300 0 1986.3
7300 1 1586.8
7300 2 1635.2
7400 0 2046.1
7400 1 1683.4
7400 2 1716.2
7500 0 2068.9
7500 1 1689.4
7500 2 1731.2
7600 0 2096.1
7600 1 1655.5
7600 2 1693.5
7700 0 2087.3
7700 1 1677.6
7700 2 1719
7800 0 2124
7800 1 1690.7
7800 2 1897.1
7900 0 2347.7
7900 1 1703.6
7900 2 1804.2
8000 0 2243.9
8000 1 1766
8000 2 1839
8100 0 2262.4
8100 1 1808.8
8100 2 1846.6
8200 0 2263.1
8200 1 1824.8
8200 2 1878.3
8300 0 2352.6
8300 1 1835.8
8300 2 1896.8
8400 0 2369.1
8400 1 1879
8400 2 1941.2
8500 0 2369.1
8500 1 1897.3
8500 2 1920.2
8600 0 2361.3
8600 1 1874.4
8600 2 1926.5
8700 0 2347.7
8700 1 1888.1
8700 2 1940.1
8800 0 2408.1
8800 1 1933.1
8800 2 2012.7
8900 0 2440.2
8900 1 1949.6
8900 2 2017.7
9000 0 2448.7
9000 1 1947.9
9000 2 2049.5
9100 0 2505.5
9100 1 1979.4
9100 2 2048.9
9200 0 2505.2
9200 1 2002.2
9200 2 2063
9300 0 2520.4
9300 1 1990.9
9300 2 2039.4
9400 0 2516
9400 1 2047.4
9400 2 2107.6
9500 0 2607
9500 1 2075.3
9500 2 2118
9600 0 2630.4
9600 1 2085.7
9600 2 2140.3
9700 0 2623.3
9700 1 2067.5
9700 2 2145
9800 0 2662.6
9800 1 2148.4
9800 2 2220
9900 0 2692.1
9900 1 2164.8
9900 2 2203.9
10000 0 2701.4
10000 1 2137.6
10000 2 2190
