500 0 73.4
500 1 67.7
500 2 65
600 0 89.3
600 1 79.2
600 2 79
700 0 120.9
700 1 101.8
700 2 101.9
800 0 138.8
800 1 119.6
800 2 119.7
900 0 155.8
900 1 132.8
900 2 131.8
1000 0 171
1000 1 148.2
1000 2 150.3
1100 0 190
1100 1 162.1
1100 2 161.8
1200 0 205.6
1200 1 177.2
1200 2 181.7
1300 0 221.9
1300 1 193.9
1300 2 193.3
1400 0 274.4
1400 1 227.4
1400 2 229
1500 0 294.2
1500 1 245.3
1500 2 243.3
1600 0 312.6
1600 1 258.6
1600 2 262.4
1700 0 328.8
1700 1 274.3
1700 2 279.7
1800 0 349.5
1800 1 296.3
1800 2 293.4
1900 0 368.1
1900 1 306
1900 2 310.2
2000 0 384.7
2000 1 321.8
2000 2 329.7
2100 0 407.4
2100 1 341.6
2100 2 348.6
2200 0 425.9
2200 1 363.1
2200 2 360.3
2300 0 442.7
2300 1 379.8
2300 2 378.3
2400 0 466
2400 1 394.3
2400 2 398.4
2500 0 484.4
2500 1 410.7
2500 2 417.9
2600 0 503.1
2600 1 432.6
2600 2 435.8
2700 0 531.5
2700 1 449.7
2700 2 458.9
2800 0 601.2
2800 1 496.9
2800 2 508
2900 0 637.3
2900 1 517.9
2900 2 523.5
3000 0 654.4
3000 1 533.4
3000 2 545.9
3100 0 676
3100 1 549.4
3100 2 560.5
3200 0 693.9
3200 1 571.7
3200 2 582.9
3300 0 715.7
3300 1 588.8
3300 2 596.9
3400 0 738.4
3400 1 634.7
3400 2 639.8
3500 0 773
3500 1 627.8
3500 2 635.4
3600 0 778.2
3600 1 634.9
3600 2 655.6
3700 0 804.1
3700 1 658
3700 2 669.4
3800 0 817.6
3800 1 677.5
3800 2 687.8
3900 0 843.4
3900 1 692.9
3900 2 705.7
4000 0 856.8
4000 1 714.6
4000 2 741.8
4100 0 884.1
4100 1 731.4
4100 2 743.7
4200 0 910.8
4200 1 752.6
4200 2 768.2
4300 0 927.3
4300 1 769.9
4300 2 784.2
4400 0 952.2
4400 1 788.3
4400 2 803.8
4500 0 969.7
4500 1 808.3
4500 2 827.6
4600 0 996.2
4600 1 827.7
4600 2 841.4
4700 0 1018.1
4700 1 844.6
4700 2 862.7
4800 0 1032.9
4800 1 865.6
4800 2 885.4
4900 0 1054.7
4900 1 887.2
4900 2 906.6
5000 0 1077
5000 1 901.7
5000 2 928.3
5100 0 1101
5100 1 923.2
5100 2 948.8
5200 0 1120.3
5200 1 939.6
5200 2 973.2
5300 0 1141.7
5300 1 962.1
5300 2 997.3
5400 0 1202.3
5400 1 1003.1
5400 2 1027.2
5500 0 1270.7
5500 1 1036.5
5500 2 1082
5600 0 1330.4
5600 1 1125.3
5600 2 1132.4
5700 0 1369.3
5700 1 1108.3
5700 2 1141
5800 0 1400.3
5800 1 1129.7
5800 2 1157.8
5900 0 1429.7
5900 1 1151.9
5900 2 1175.1
6000 0 1444.3
6000 1 1165
6000 2 1193.1
6100 0 1470.7
6100 1 1184.3
6100 2 1218.3
6200 0 1484
6200 1 1204
6200 2 1234
6300 0 1502.3
6300 1 1224
6300 2 1264.4
6400 0 1536.7
6400 1 1251.8
6400 2 1278.1
6500 0 1561.1
6500 1 1261.5
6500 2 1295.2
6600 0 1582.1
6600 1 1284.2
6600 2 1337.8
6700 0 1635.2
6700 1 1301.4
6700 2 1333.6
6800 0 1641.1
6800 1 1317.4
6800 2 1360.7
6900 0 1660.7
6900 1 1341.9
6900 2 1374.6
7000 0 1695.4
7000 1 1354.1
7000 2 1399.4
7100 0 1688.6
7100 1 1373.7
7100 2 1414.1
7200 0 1710.6
7200 1 1389.1
7200 2 1431
7300 0 1733.9
7300 1 1407.9
7300 2 1455.3
7400 0 1754.2
7400 1 1427.9
7400 2 1467.7
7500 0 1782.8
7500 1 1448.9
7500 2 1489.1
7600 0 1798.7
7600 1 1467.6
7600 2 1509
7700 0 1825
7700 1 1486.2
7700 2 1585.8
7800 0 1860.5
7800 1 1501.4
7800 2 1555.1
7900 0 1868.1
7900 1 1524.7
7900 2 1567.3
8000 0 1886.5
8000 1 1572.4
8000 2 1592.7
8100 0 1925.8
8100 1 1571.8
8100 2 1616.1
8200 0 1943.2
8200 1 1580.6
8200 2 1635.7
8300 0 1974.1
8300 1 1610.1
8300 2 1659.6
8400 0 1986.7
8400 1 1638.1
8400 2 1688.8
8500 0 2020.4
8500 1 1651.3
8500 2 1703.3
8600 0 2037.4
8600 1 1674.1
8600 2 1721.7
8700 0 2080.3
8700 1 1727.3
8700 2 1761.1
8800 0 2107
8800 1 1714.3
8800 2 1779
8900 0 2110.4
8900 1 1745.2
8900 2 1797.8
9000 0 2141.3
9000 1 1753
9000 2 1805.7
9100 0 2157.6
9100 1 1768.6
9100 2 1839.1
9200 0 2184.6
9200 1 1801.4
9200 2 1844.8
9300 0 2196.2
9300 1 1811.8
9300 2 1957.4
9400 0 2319.3
9400 1 1908.9
9400 2 1930.9
9500 0 2249.8
9500 1 1854.6
9500 2 1951.4
9600 0 2303.2
9600 1 1888.1
9600 2 1950.4
9700 0 2299.9
9700 1 1909.2
9700 2 1955.9
9800 0 2331.3
9800 1 1934.7
9800 2 1990.8
9900 0 2339
9900 1 1941.9
9900 2 2000.2
10000 0 2379.3
10000 1 1959.5
10000 2 2021.9
