500 0 64.5
500 1 64.2
500 2 64.5
600 0 80.3
600 1 83.2
600 2 85.4
700 0 97.7
700 1 103.5
700 2 102.5
800 0 115.4
800 1 124.5
800 2 124
900 0 138.8
900 1 127.4
900 2 128.1
1000 0 153.9
1000 1 144.9
1000 2 146
1100 0 171.6
1100 1 164.8
1100 2 165.8
1200 0 187.6
1200 1 184.5
1200 2 186.4
1300 0 207
1300 1 205.4
1300 2 208.2
1400 0 229.1
1400 1 227.6
1400 2 228.8
1500 0 244.9
1500 1 252.4
1500 2 251.6
1600 0 268.8
1600 1 277.4
1600 2 276.3
1700 0 294.2
1700 1 264
1700 2 267.7
1800 0 312.3
1800 1 281.8
1800 2 284.7
1900 0 330.7
1900 1 303.5
1900 2 304.5
2000 0 353
2000 1 321.6
2000 2 324.3
2100 0 370.3
2100 1 344.7
2100 2 346.2
2200 0 393.5
2200 1 390.3
2200 2 366.6
2300 0 414
2300 1 396
2300 2 391.5
2400 0 439.4
2400 1 413.8
2400 2 414.7
2500 0 457.3
2500 1 437.9
2500 2 448.2
2600 0 471.4
2600 1 457.4
2600 2 462.1
2700 0 500
2700 1 486.7
2700 2 492.9
2800 0 509.6
2800 1 502.8
2800 2 512.4
2900 0 550
2900 1 524.5
2900 2 529.3
3000 0 558.6
3000 1 548.8
3000 2 550.7
3100 0 578.3
3100 1 573.1
3100 2 579.5
3200 0 603.7
3200 1 605.9
3200 2 620.2
3300 0 638.2
3300 1 593.4
3300 2 602.4
3400 0 673.6
3400 1 583.5
3400 2 595.9
3500 0 680.2
3500 1 603.3
3500 2 613
3600 0 703.6
3600 1 623.6
3600 2 631.8
3700 0 732.1
3700 1 643.8
3700 2 653.9
3800 0 745.4
3800 1 670
3800 2 683.3
3900 0 771
3900 1 686
3900 2 695.1
4000 0 786.6
4000 1 706.9
4000 2 719.6
4100 0 810
4100 1 727.5
4100 2 737.6
4200 0 835.3
4200 1 757.7
4200 2 770.6
4300 0 855
4300 1 780.2
4300 2 789.1
4400 0 880.7
4400 1 796.5
4400 2 812.9
4500 0 897.7
4500 1 826.6
4500 2 840.6
4600 0 920
4600 1 842.5
4600 2 860.2
4700 0 940.4
4700 1 871.6
4700 2 896.4
4800 0 993.8
4800 1 915.2
4800 2 912.3
4900 0 993.9
4900 1 915.3
4900 2 947.8
5000 0 1024.9
5000 1 940.1
5000 2 959.1
5100 0 1047.5
5100 1 981.3
5100 2 980.4
5200 0 1061.2
5200 1 1002.6
5200 2 1021.5
5300 0 1079.4
5300 1 1017.7
5300 2 1034.9
5400 0 1101.8
5400 1 1038.4
5400 2 1056.8
5500 0 1127.6
5500 1 1071.4
5500 2 1082.6
5600 0 1146.8
5600 1 1091.8
5600 2 1108.2
5700 0 1169.8
5700 1 1114.9
5700 2 1136.8
5800 0 1192.9
5800 1 1138.4
5800 2 1156.6
5900 0 1219.1
5900 1 1169
5900 2 1190.3
6000 0 1240.3
6000 1 1191.9
6000 2 1221.6
6100 0 1263.7
6100 1 1221.6
6100 2 1241.8
6200 0 1296.3
6200 1 1248.6
6200 2 1290.5
6300 0 1340.5
6300 1 1296.2
6300 2 1307.9
6400 0 1353.2
6400 1 1315.2
6400 2 1334.3
6500 0 1367.8
6500 1 1337.8
6500 2 1358.8
6600 0 1424.7
6600 1 1300.1
6600 2 1315.9
6700 0 1464
6700 1 1248.6
6700 2 1278.7
6800 0 1468.6
6800 1 1271.4
6800 2 1307.4
6900 0 1494.3
6900 1 1298.4
6900 2 1333.8
7000 0 1516.4
7000 1 1320
7000 2 1354
7100 0 1541.6
7100 1 1338.3
7100 2 1374.7
7200 0 1568.4
7200 1 1358.4
7200 2 1395.9
7300 0 1584.7
7300 1 1384.7
7300 2 1414.4
7400 0 1609.8
7400 1 1399.7
7400 2 1472.2
7500 0 1663.8
7500 1 1458.8
7500 2 1476.1
7600 0 1681.2
7600 1 1450.9
7600 2 1497.9
7700 0 1686.4
7700 1 1473.4
7700 2 1504.1
7800 0 1701.8
7800 1 1511.7
7800 2 1544.1
7900 0 1722.9
7900 1 1521.3
7900 2 1559.9
8000 0 1746.9
8000 1 1548.6
8000 2 1578.3
8100 0 1769.8
8100 1 1558.8
8100 2 1601.2
8200 0 1795.3
8200 1 1586.7
8200 2 1626.7
8300 0 1831.7
8300 1 1611.3
8300 2 1664.1
8400 0 1850.8
8400 1 1650.8
8400 2 1696.6
8500 0 1894.9
8500 1 1671.3
8500 2 1705.4
8600 0 1910
8600 1 1693.5
8600 2 1744.6
8700 0 1918.4
8700 1 1723.8
8700 2 1753.3
8800 0 1949.1
8800 1 1733.3
8800 2 1780.9
8900 0 1973.6
8900 1 1754.9
8900 2 1808.3
9000 0 1990.6
9000 1 1789.1
9000 2 1827.9
9100 0 2020
9100 1 1807
9100 2 1892.9
9200 0 2038.1
9200 1 1833.6
9200 2 1881.7
9300 0 2058.6
9300 1 1854.6
9300 2 1928.5
9400 0 2115.5
9400 1 1887.1
9400 2 1964.1
9500 0 2121
9500 1 1935.2
9500 2 1959.6
9600 0 2157
9600 1 1931.4
9600 2 1991.4
9700 0 2159.7
9700 1 1975
9700 2 2017.2
9800 0 2190.7
9800 1 1981.7
9800 2 2041.1
9900 0 2205.4
9900 1 2008.6
9900 2 2075.1
10000 0 2241.3
10000 1 2031.4
10000 2 2081.5
