500 0 295.9
500 1 265.4
500 2 254.4
600 0 340.8
600 1 304.8
600 2 293.8
700 0 379.3
700 1 331.3
700 2 332.9
800 0 412.6
800 1 367.4
800 2 367.9
900 0 440.9
900 1 396.6
900 2 395.5
1000 0 478.6
1000 1 427.1
1000 2 430.2
1100 0 502.4
1100 1 462.9
1100 2 467.5
1200 0 560.8
1200 1 511.5
1200 2 521.9
1300 0 601.4
1300 1 551.3
1300 2 564.5
1400 0 666.3
1400 1 587.6
1400 2 603.6
1500 0 700.4
1500 1 634.9
1500 2 638.4
1600 0 752.8
1600 1 709.9
1600 2 694.5
1700 0 810.9
1700 1 727.7
1700 2 731.1
1800 0 861.2
1800 1 780
1800 2 779.8
1900 0 906.3
1900 1 826
1900 2 837.4
2000 0 955.2
2000 1 861.7
2000 2 876.9
2100 0 1047.5
2100 1 922.3
2100 2 921.3
2200 0 1067.8
2200 1 956.5
2200 2 954.6
2300 0 1102.9
2300 1 996.9
2300 2 1008.9
2400 0 1159.2
2400 1 1063.2
2400 2 1066
2500 0 1254.2
2500 1 1101.1
2500 2 1145.7
2600 0 1311.4
2600 1 1155.1
2600 2 1178.4
2700 0 1358.7
2700 1 1218.6
2700 2 1226.6
2800 0 1409.7
2800 1 1267.2
2800 2 1261.8
2900 0 1465
2900 1 1318.8
2900 2 1308.9
3000 0 1489.8
3000 1 1342.6
3000 2 1355
3100 0 1542
3100 1 1369.6
3100 2 1391
3200 0 1596.9
3200 1 1422.6
3200 2 1455
3300 0 1645.7
3300 1 1466.9
3300 2 1488.3
3400 0 1735.5
3400 1 1527.3
3400 2 1545.6
3500 0 1752.5
3500 1 1570.5
3500 2 1567.9
3600 0 1786.8
3600 1 1647.5
3600 2 1643.2
3700 0 1850.7
3700 1 1673.3
3700 2 1677.4
3800 0 1931.2
3800 1 1697.2
3800 2 1721.7
3900 0 1951.4
3900 1 1754.3
3900 2 1811.7
4000 0 2025.2
4000 1 1778.6
4000 2 1796.9
4100 0 2055.7
4100 1 1840.7
4100 2 1864.7
4200 0 2116.5
4200 1 1877.6
4200 2 1889.1
4300 0 2163
4300 1 1915.4
4300 2 1933
4400 0 2217.8
4400 1 1971.9
4400 2 2020.6
4500 0 2333.1
4500 1 2031.5
4500 2 2074.7
4600 0 2372.2
4600 1 2082.1
4600 2 2106.9
4700 0 2389.2
4700 1 2119.9
4700 2 2154.7
4800 0 2423.4
4800 1 2145.8
4800 2 2172.4
4900 0 2461.8
4900 1 2193.2
4900 2 2219.5
5000 0 2539.7
5000 1 2285.7
5000 2 2289
5100 0 2600.6
5100 1 2306.4
5100 2 2337.7
5200 0 2624.5
5200 1 2381.3
5200 2 2426.8
5300 0 2798
5300 1 2407.7
5300 2 2427.7
5400 0 2758.3
5400 1 2444.5
5400 2 2476.5
5500 0 2804.1
5500 1 2505.9
5500 2 2556.9
5600 0 2889.9
5600 1 2571
5600 2 2613.1
5700 0 2946.3
5700 1 2628.2
5700 2 2640
5800 0 3001.1
5800 1 2659.5
5800 2 2738.9
5900 0 3109.6
5900 1 2731.6
5900 2 2757.6
6000 0 3134.2
6000 1 2779
6000 2 2782.9
6100 0 3124.9
6100 1 2783.7
6100 2 2809.8
6200 0 3181.2
6200 1 2864.2
6200 2 2872.5
6300 0 3237.7
6300 1 2923.1
6300 2 2982.5
6400 0 3310.6
6400 1 3019.6
6400 2 3046.4
6500 0 3391.1
6500 1 2974.4
6500 2 3023.1
6600 0 3416.9
6600 1 3025.4
6600 2 3115.3
6700 0 3465.9
6700 1 3065.3
6700 2 3106.4
6800 0 3507.7
6800 1 3101.1
6800 2 3154.7
6900 0 3570.4
6900 1 3162.9
6900 2 3314.1
7000 0 3659.2
7000 1 3212.7
7000 2 3243.4
7100 0 3711.4
7100 1 3286.8
7100 2 3295.5
7200 0 4131
7200 1 3342.6
7200 2 3594.8
7300 0 3830.8
7300 1 3386.2
7300 2 3433.5
7400 0 3875.8
7400 1 3425.4
7400 2 3502.8
7500 0 3922.3
7500 1 3472.3
7500 2 3549.6
7600 0 3988.9
7600 1 3545.1
7600 2 3616.3
7700 0 4093.8
7700 1 3616.8
7700 2 3670.4
7800 0 4146
7800 1 3703.4
7800 2 3759.2
7900 0 4245.6
7900 1 3738.6
7900 2 3784.8
8000 0 4236.4
8000 1 3795
8000 2 3802.9
8100 0 4283.1
8100 1 3746.7
8100 2 3824.1
8200 0 4303.8
8200 1 3826.8
8200 2 3887.8
8300 0 4432.1
8300 1 3872.6
8300 2 3925.4
8400 0 4458.9
8400 1 3941.1
8400 2 3985.4
8500 0 4516.7
8500 1 3979
8500 2 4073.3
8600 0 4687.1
8600 1 4033.4
8600 2 4068.7
8700 0 4654.6
8700 1 4105.7
8700 2 4339.4
8800 0 4743.3
8800 1 4159.2
8800 2 4239.3
8900 0 4730.5
8900 1 4120.2
8900 2 4193
9000 0 4912.6
9000 1 4553
9000 2 4486
9100 0 5014.8
9100 1 4448.3
9100 2 4554.8
9200 0 5063.3
9200 1 4307.5
9200 2 5280.8
9300 0 5049.7
9300 1 4301.5
9300 2 4371.9
9400 0 4964.5
9400 1 4408.9
9400 2 4434.4
9500 0 4986.4
9500 1 4376.8
9500 2 4466.2
9600 0 5042.9
9600 1 4442.1
9600 2 4520.6
9700 0 5082.3
9700 1 4490.8
9700 2 4578.3
9800 0 5140.2
9800 1 4533.7
9800 2 4606.7
9900 0 5184.1
9900 1 4581.6
9900 2 4651.7
10000 0 5235.2
10000 1 4623
10000 2 4699.4
