100 1.02082
600 0.95439
1100 0.942163
1600 0.941832
2100 0.912029
2600 0.923603
3100 0.934893
3600 0.95601
4100 0.936882
4600 0.948754
5100 0.926272
5600 0.932457
6100 0.943207
6600 0.936418
7100 0.96345
7600 0.943047
8100 0.95769
8600 0.926881
9100 0.944009
9600 0.940819
10100 0.951518
10600 0.929198
11100 0.939719
11600 0.940868
12100 0.955662
12600 0.945516
13100 0.948984
13600 0.935541
14100 0.95008
14600 0.939318
15100 0.946524
15600 0.937875
16100 0.94039
16600 0.938655
17100 0.950552
17600 0.937523
18100 0.943692
18600 0.927575
19100 0.938415
19600 0.933027
20100 0.952769
20600 0.946492
21100 0.944245
21600 0.943092
22100 0.941551
22600 0.95092
23100 0.938923
23600 0.948485
24100 0.940909
24600 0.944509
25100 0.948121
25600 0.959757
26100 0.945617
26600 0.937565
27100 0.943406
27600 0.946394
28100 0.940349
28600 0.94903
29100 0.94846
29600 0.952145
30100 0.936297
30600 0.932817
31100 0.945048
31600 0.942463
32100 0.946258
32600 0.946059
33100 0.93729
33600 0.948371
34100 0.94222
34600 0.944649
35100 0.944266
35600 0.941381
36100 0.946683
36600 0.949369
37100 0.943073
37600 0.942039
38100 0.947283
38600 0.942115
39100 0.945111
39600 0.935166
40100 0.946126
40600 0.944436
41100 0.93342
41600 0.942206
42100 0.946765
42600 0.945443
43100 0.942641
43600 0.946704
44100 0.94642
44600 0.942568
45100 0.942314
45600 0.94923
46100 0.936973
46600 0.946636
47100 0.943171
47600 0.942149
48100 0.938095
48600 0.939826
49100 0.941028
49600 0.954181
50100 0.945919
50600 0.946006
51100 0.93909
51600 0.948116
52100 0.949224
52600 0.946263
53100 0.948906
53600 0.939909
54100 0.948708
54600 0.942851
55100 0.946453
55600 0.947663
56100 0.946028
56600 0.945813
57100 0.946572
57600 0.943959
58100 0.944838
58600 0.942765
59100 0.939642
59600 0.939883
60100 0.949696
60600 0.946111
61100 0.942363
61600 0.943868
62100 0.945364
62600 0.947023
63100 0.943371
63600 0.939592
64100 0.946065
64600 0.946749
65100 0.941912
65600 0.941506
66100 0.942194
66600 0.945529
67100 0.940555
67600 0.942429
68100 0.949172
68600 0.94856
69100 0.94883
69600 0.946819
70100 0.941216
70600 0.94733
71100 0.948134
71600 0.941363
72100 0.944193
72600 0.943261
73100 0.94741
73600 0.941832
74100 0.946249
74600 0.9471
75100 0.943449
75600 0.945619
76100 0.947685
76600 0.950307
77100 0.947007
77600 0.944626
78100 0.949222
78600 0.944123
79100 0.940724
79600 0.946956
80100 0.945013
80600 0.946425
81100 0.939894
81600 0.942523
82100 0.944326
82600 0.943118
83100 0.946229
83600 0.948478
84100 0.939336
84600 0.948713
85100 0.942476
85600 0.944115
86100 0.94237
86600 0.947549
87100 0.943203
87600 0.939141
88100 0.944537
88600 0.943771
89100 0.941651
89600 0.945
90100 0.945421
90600 0.944743
91100 0.946121
91600 0.943992
92100 0.943258
92600 0.943814
93100 0.940677
93600 0.947514
94100 0.949308
94600 0.941495
95100 0.947198
95600 0.941888
96100 0.945546
96600 0.941075
97100 0.942517
97600 0.94499
98100 0.944613
98600 0.945522
99100 0.943685
99600 0.944902